122
123
124
125
126
127
128
129
130
190
193
194
195
196
213
214 
215
216
217
218
346
347
348
349
350
351
352
353
354
355
356
357
363
380
411
412 
413 
414 
415 
416 
417
418
419
420
421
433
434
435
436
437
438
439
440
441
442
443
444
445
446
447
448
449
450
451
452
453
454
455
456
457 
458
459
480
481
482
483
484
485
486
487
488
489
490
491
492
493
510
513
514
515
516
517
518
519
520 
540
541
542
543
544
545
546
547
548
549
550
551
552
782 
784 
785
786
787
788 
789
790
791
792
852
873
875
876
877
878 
879
880
1010
1011
1012
1013
1014
1015
1016
1017
1018
1019
1020
1021
1023
1024
1025
1041
1042
1071
1072
1073
1074
1075
1076
1077
1078
1079
1080
1081
1082
1083
1096
1097
1098
1099
1100
1101
1102
1103
1104
1105
1106
1107
1108
1109
1110
1111
1112
1113
1114
1115
1116
1117
1118
1119
1120
1121
1143
1144
1145
1146
1147
1148
1149
1150
1151
1153
1176
1177
1178
1179
1180
1181
1203
1205
1206
1207
1208
1209
1210
1211
1212
